0.100000	0.027536	0.296982
0.200000	0.030239	0.294279
0.300000	0.034766	0.289752
0.400000	0.041133	0.283385
0.500000	0.049353	0.275165
0.600000	0.059431	0.265087
0.700000	0.071352	0.253167
0.800000	0.085069	0.239450
0.900000	0.100489	0.224029
1.000000	0.117460	0.207059
1.100000	0.135751	0.188768
1.200000	0.155041	0.169479
1.300000	0.174910	0.149609
1.400000	0.194840	0.129679
1.500000	0.214219	0.110301
1.600000	0.232365	0.092154
1.700000	0.248562	0.075958
1.800000	0.262103	0.062417
1.900000	0.272347	0.052173
2.000000	0.278774	0.045746
2.100000	0.281037	0.043483
2.200000	0.278999	0.045522
2.300000	0.272748	0.051772
2.400000	0.262597	0.061923
2.500000	0.249046	0.075474
2.600000	0.232743	0.091777
2.700000	0.214421	0.110098
2.800000	0.194840	0.129680
2.900000	0.174728	0.149791
3.000000	0.154744	0.169775
3.100000	0.135445	0.189074
3.200000	0.117276	0.207243
3.300000	0.100571	0.223948
3.400000	0.085560	0.238959
3.500000	0.072385	0.252133
3.600000	0.061123	0.263395
3.700000	0.051797	0.272721
3.800000	0.044397	0.280121
3.900000	0.038892	0.285626
4.000000	0.035240	0.289278
4.100000	0.033398	0.291120
4.200000	0.033325	0.291194
4.300000	0.034982	0.289536
4.400000	0.038338	0.286181
4.500000	0.043363	0.281156
4.600000	0.050027	0.274491
4.700000	0.058295	0.266224
4.800000	0.068119	0.256400
4.900000	0.079433	0.245086
5.000000	0.092142	0.232377
5.100000	0.106114	0.218404
5.200000	0.121174	0.203345
5.300000	0.137092	0.187427
5.400000	0.153578	0.170941
5.500000	0.170285	0.154234
5.600000	0.186805	0.137715
5.700000	0.202681	0.121838
5.800000	0.217423	0.107097
5.900000	0.230526	0.093993
6.000000	0.241503	0.083017
6.100000	0.249912	0.074608
6.200000	0.255392	0.069128
6.300000	0.257692	0.066828
6.400000	0.256696	0.067824
6.500000	0.252433	0.072087
6.600000	0.245084	0.079436
6.700000	0.234966	0.089554
6.800000	0.222509	0.102011
6.900000	0.208226	0.116294
7.000000	0.192675	0.131845
7.100000	0.176419	0.148101
7.200000	0.159996	0.164523
7.300000	0.143893	0.180626
7.400000	0.128525	0.195994
7.500000	0.114227	0.210291
7.600000	0.101257	0.223262
7.700000	0.089795	0.234724
7.800000	0.079958	0.244560
7.900000	0.071810	0.252708
8.000000	0.065371	0.259148
8.100000	0.060629	0.263889
8.200000	0.057554	0.266964
8.300000	0.056098	0.268421
8.400000	0.056203	0.268316
8.500000	0.057805	0.266714
8.600000	0.060834	0.263685
8.700000	0.065213	0.259305
8.800000	0.070859	0.253659
8.900000	0.077678	0.246841
9.000000	0.085562	0.238957
9.100000	0.094389	0.230130
9.200000	0.104018	0.220501
9.300000	0.114285	0.210234
9.400000	0.125006	0.199513
9.500000	0.135973	0.188546
9.600000	0.146959	0.177561
9.700000	0.157718	0.166801
9.800000	0.167995	0.156524
9.900000	0.177533	0.146986
10.000000	0.186082	0.138437
10.100000	0.193412	0.131108
10.200000	0.199322	0.125197
10.300000	0.203657	0.120862
10.400000	0.206311	0.118209
10.500000	0.207236	0.117283
10.600000	0.206449	0.118071
10.700000	0.204022	0.120497
10.800000	0.200088	0.124431
10.900000	0.194824	0.129695
11.000000	0.188445	0.136074
11.100000	0.181190	0.143330
11.200000	0.173309	0.151210
11.300000	0.165056	0.159463
11.400000	0.156672	0.167847
11.500000	0.148381	0.176138
11.600000	0.140384	0.184135
11.700000	0.132855	0.191664
11.800000	0.125939	0.198580
11.900000	0.119751	0.204768
12.000000	0.114382	0.210137
12.100000	0.109894	0.214625
12.200000	0.106327	0.218192
12.300000	0.103702	0.220816
12.400000	0.102021	0.222498
12.500000	0.101267	0.223251
12.600000	0.101413	0.223106
12.700000	0.102413	0.222105
12.800000	0.104213	0.220306
12.900000	0.106742	0.217777
13.000000	0.109919	0.214600
13.100000	0.113651	0.210868
13.200000	0.117833	0.206686
13.300000	0.122352	0.202167
13.400000	0.127083	0.197436
13.500000	0.131897	0.192621
13.600000	0.136663	0.187856
13.700000	0.141247	0.183272
13.800000	0.145524	0.178995
13.900000	0.149377	0.175142
14.000000	0.152704	0.171815
14.100000	0.155421	0.169098
14.200000	0.157469	0.167050
14.300000	0.158811	0.165708
14.400000	0.159438	0.165081
14.500000	0.159366	0.165153
14.600000	0.158637	0.165882
14.700000	0.157312	0.167207
14.800000	0.155471	0.169048
14.900000	0.153206	0.171313
15.000000	0.150621	0.173898
15.100000	0.147820	0.176700
15.200000	0.144909	0.179610
15.300000	0.141990	0.182529
15.400000	0.139161	0.185358
15.500000	0.136506	0.188012
15.600000	0.134104	0.190414
15.700000	0.132020	0.192499
15.800000	0.130305	0.194214
15.900000	0.129000	0.195519
16.000000	0.128134	0.196385
16.100000	0.127722	0.196796
16.200000	0.127768	0.196751
16.300000	0.128264	0.196255
16.400000	0.129189	0.195330
16.500000	0.130513	0.194006
16.600000	0.132195	0.192324
16.700000	0.134182	0.190337
16.800000	0.136414	0.188105
16.900000	0.138820	0.185698
17.000000	0.141325	0.183194
17.100000	0.143847	0.180672
17.200000	0.146301	0.178218
17.300000	0.148604	0.175915
17.400000	0.150674	0.173845
17.500000	0.152437	0.172082
17.600000	0.153828	0.170691
17.700000	0.154797	0.169722
17.800000	0.155306	0.169213
17.900000	0.155338	0.169181
18.000000	0.154893	0.169627
18.100000	0.153986	0.170533
18.200000	0.152654	0.171865
18.300000	0.150945	0.173574
18.400000	0.148918	0.175601
18.500000	0.146644	0.177875
18.600000	0.144196	0.180323
18.700000	0.141648	0.182871
18.800000	0.139075	0.185444
18.900000	0.136546	0.187973
19.000000	0.134127	0.190391
19.100000	0.131876	0.192643
19.200000	0.129840	0.194678
19.300000	0.128064	0.196455
19.400000	0.126580	0.197939
19.500000	0.125415	0.199104
19.600000	0.124585	0.199933
19.700000	0.124103	0.200416
19.800000	0.123971	0.200548
19.900000	0.124186	0.200333
20.000000	0.124736	0.199782
20.100000	0.125607	0.198912
20.200000	0.126774	0.197745
20.300000	0.128208	0.196311
20.400000	0.129875	0.194644
20.500000	0.131734	0.192785
20.600000	0.133742	0.190777
20.700000	0.135851	0.188668
20.800000	0.138009	0.186510
20.900000	0.140164	0.184355
21.000000	0.142265	0.182254
21.100000	0.144261	0.180258
21.200000	0.146104	0.178415
21.300000	0.147751	0.176768
21.400000	0.149165	0.175354
21.500000	0.150319	0.174201
21.600000	0.151189	0.173330
21.700000	0.151767	0.172752
21.800000	0.152048	0.172471
21.900000	0.152039	0.172480
22.000000	0.151757	0.172762
22.100000	0.151223	0.173296
22.200000	0.150467	0.174052
22.300000	0.149521	0.174998
22.400000	0.148421	0.176098
22.500000	0.147205	0.177314
22.600000	0.145911	0.178608
22.700000	0.144574	0.179945
22.800000	0.143228	0.181291
22.900000	0.141906	0.182613
23.000000	0.140635	0.183884
23.100000	0.139440	0.185079
23.200000	0.138342	0.186177
23.300000	0.137361	0.187158
23.400000	0.136510	0.188008
23.500000	0.135804	0.188715
23.600000	0.135250	0.189269
23.700000	0.134855	0.189664
23.800000	0.134621	0.189898
23.900000	0.134547	0.189972
24.000000	0.134627	0.189892
24.100000	0.134853	0.189666
24.200000	0.135210	0.189308
24.300000	0.135682	0.188837
24.400000	0.136245	0.188274
24.500000	0.136875	0.187644
24.600000	0.137544	0.186975
24.700000	0.138224	0.186295
24.800000	0.138885	0.185634
24.900000	0.139499	0.185020
25.000000	0.140040	0.184478
25.100000	0.140486	0.184033
25.200000	0.140818	0.183701
25.300000	0.141024	0.183495
25.400000	0.141096	0.183423
25.500000	0.141033	0.183486
25.600000	0.140841	0.183678
25.700000	0.140528	0.183991
25.800000	0.140109	0.184410
25.900000	0.139605	0.184914
26.000000	0.139036	0.185483
26.100000	0.138429	0.186090
26.200000	0.137807	0.186712
26.300000	0.137199	0.187320
26.400000	0.136628	0.187891
26.500000	0.136121	0.188398
26.600000	0.135697	0.188822
26.700000	0.135378	0.189141
26.800000	0.135178	0.189341
26.900000	0.135110	0.189409
27.000000	0.135183	0.189336
27.100000	0.135401	0.189118
27.200000	0.135765	0.188754
27.300000	0.136272	0.188247
27.400000	0.136913	0.187606
27.500000	0.137677	0.186842
27.600000	0.138550	0.185969
27.700000	0.139512	0.185007
27.800000	0.140540	0.183978
27.900000	0.141611	0.182908
28.000000	0.142695	0.181824
28.100000	0.143764	0.180755
28.200000	0.144787	0.179732
28.300000	0.145734	0.178785
28.400000	0.146577	0.177942
28.500000	0.147287	0.177232
28.600000	0.147842	0.176677
28.700000	0.148224	0.176296
28.800000	0.148416	0.176103
28.900000	0.148413	0.176106
29.000000	0.148213	0.176306
29.100000	0.147819	0.176700
29.200000	0.147244	0.177275
29.300000	0.146503	0.178016
29.400000	0.145618	0.178901
29.500000	0.144615	0.179904
29.600000	0.143522	0.180997
29.700000	0.142368	0.182151
29.800000	0.141183	0.183336
29.900000	0.139996	0.184523
30.000000	0.138835	0.185684
30.100000	0.137725	0.186794
30.200000	0.136687	0.187832
30.300000	0.135741	0.188778
30.400000	0.134902	0.189616
30.500000	0.134183	0.190336
30.600000	0.133593	0.190926
30.700000	0.133136	0.191383
30.800000	0.132817	0.191702
30.900000	0.132635	0.191884
31.000000	0.132588	0.191931
31.100000	0.132669	0.191850
31.200000	0.132872	0.191647
31.300000	0.133186	0.191333
31.400000	0.133600	0.190919
31.500000	0.134100	0.190419
31.600000	0.134672	0.189847
31.700000	0.135301	0.189218
31.800000	0.135970	0.188549
31.900000	0.136664	0.187855
32.000000	0.137366	0.187152
32.100000	0.138064	0.186455
32.200000	0.138743	0.185776
32.300000	0.139392	0.185127
32.400000	0.140001	0.184518
32.500000	0.140563	0.183956
32.600000	0.141072	0.183446
32.700000	0.141528	0.182991
32.800000	0.141927	0.182592
32.900000	0.142271	0.182248
33.000000	0.142563	0.181956
33.100000	0.142806	0.181713
33.200000	0.143002	0.181517
33.300000	0.143158	0.181361
33.400000	0.143276	0.181243
33.500000	0.143361	0.181158
33.600000	0.143416	0.181103
33.700000	0.143444	0.181074
33.800000	0.143448	0.181071
33.900000	0.143429	0.181090
34.000000	0.143389	0.181130
34.100000	0.143328	0.181191
34.200000	0.143248	0.181271
34.300000	0.143149	0.181370
34.400000	0.143030	0.181489
34.500000	0.142892	0.181627
34.600000	0.142735	0.181784
34.700000	0.142559	0.181960
34.800000	0.142363	0.182156
34.900000	0.142149	0.182370
35.000000	0.141917	0.182602
35.100000	0.141668	0.182851
35.200000	0.141402	0.183117
35.300000	0.141122	0.183397
35.400000	0.140828	0.183691
35.500000	0.140522	0.183997
35.600000	0.140206	0.184313
35.700000	0.139882	0.184637
35.800000	0.139551	0.184968
35.900000	0.139216	0.185303
36.000000	0.138880	0.185639
36.100000	0.138544	0.185975
36.200000	0.138213	0.186306
36.300000	0.137888	0.186631
36.400000	0.137576	0.186943
36.500000	0.137278	0.187240
36.600000	0.137001	0.187518
36.700000	0.136747	0.187771
36.800000	0.136522	0.187997
36.900000	0.136329	0.188190
37.000000	0.136172	0.188347
37.100000	0.136053	0.188466
37.200000	0.135976	0.188543
37.300000	0.135943	0.188576
37.400000	0.135954	0.188565
37.500000	0.136012	0.188506
37.600000	0.136118	0.188401
37.700000	0.136270	0.188249
37.800000	0.136469	0.188050
37.900000	0.136715	0.187804
38.000000	0.137005	0.187514
38.100000	0.137338	0.187180
38.200000	0.137712	0.186807
38.300000	0.138121	0.186398
38.400000	0.138563	0.185956
38.500000	0.139032	0.185487
38.600000	0.139521	0.184998
38.700000	0.140023	0.184496
38.800000	0.140532	0.183987
38.900000	0.141038	0.183481
39.000000	0.141534	0.182985
39.100000	0.142009	0.182510
39.200000	0.142455	0.182064
39.300000	0.142864	0.181655
39.400000	0.143228	0.181291
39.500000	0.143540	0.180979
39.600000	0.143794	0.180725
39.700000	0.143986	0.180533
39.800000	0.144113	0.180406
39.900000	0.144173	0.180346
40.000000	0.144168	0.180351
40.100000	0.144099	0.180420
40.200000	0.143968	0.180551
40.300000	0.143781	0.180738
40.400000	0.143542	0.180977
40.500000	0.143256	0.181263
40.600000	0.142931	0.181588
40.700000	0.142574	0.181945
40.800000	0.142191	0.182328
40.900000	0.141790	0.182729
41.000000	0.141378	0.183141
41.100000	0.140962	0.183557
41.200000	0.140550	0.183969
41.300000	0.140148	0.184371
41.400000	0.139761	0.184758
41.500000	0.139393	0.185126
41.600000	0.139050	0.185469
41.700000	0.138733	0.185786
41.800000	0.138444	0.186075
41.900000	0.138184	0.186335
42.000000	0.137953	0.186566
42.100000	0.137750	0.186769
42.200000	0.137574	0.186945
42.300000	0.137423	0.187096
42.400000	0.137294	0.187225
42.500000	0.137186	0.187333
42.600000	0.137097	0.187422
42.700000	0.137024	0.187495
42.800000	0.136965	0.187554
42.900000	0.136920	0.187598
43.000000	0.136888	0.187631
43.100000	0.136869	0.187650
43.200000	0.136862	0.187657
43.300000	0.136870	0.187649
43.400000	0.136894	0.187625
43.500000	0.136938	0.187581
43.600000	0.137003	0.187516
43.700000	0.137094	0.187425
43.800000	0.137213	0.187306
43.900000	0.137365	0.187154
44.000000	0.137551	0.186968
44.100000	0.137775	0.186744
44.200000	0.138038	0.186481
44.300000	0.138340	0.186179
44.400000	0.138681	0.185838
44.500000	0.139060	0.185459
44.600000	0.139472	0.185047
44.700000	0.139914	0.184605
44.800000	0.140380	0.184139
44.900000	0.140862	0.183657
45.000000	0.141352	0.183167
45.100000	0.141842	0.182677
45.200000	0.142321	0.182198
45.300000	0.142780	0.181739
45.400000	0.143208	0.181311
45.500000	0.143595	0.180924
45.600000	0.143933	0.180586
45.700000	0.144212	0.180307
45.800000	0.144426	0.180093
45.900000	0.144566	0.179953
46.000000	0.144629	0.179890
46.100000	0.144611	0.179908
46.200000	0.144509	0.180010
46.300000	0.144323	0.180196
46.400000	0.144056	0.180463
46.500000	0.143711	0.180808
46.600000	0.143293	0.181226
46.700000	0.142810	0.181709
46.800000	0.142272	0.182247
46.900000	0.141690	0.182829
47.000000	0.141077	0.183442
47.100000	0.140445	0.184074
47.200000	0.139810	0.184709
47.300000	0.139184	0.185335
47.400000	0.138582	0.185937
47.500000	0.138015	0.186504
47.600000	0.137496	0.187023
47.700000	0.137033	0.187486
47.800000	0.136635	0.187884
47.900000	0.136308	0.188211
48.000000	0.136056	0.188463
48.100000	0.135882	0.188637
48.200000	0.135785	0.188734
48.300000	0.135764	0.188755
48.400000	0.135816	0.188702
48.500000	0.135937	0.188582
48.600000	0.136121	0.188398
48.700000	0.136360	0.188159
48.800000	0.136647	0.187872
48.900000	0.136972	0.187547
49.000000	0.137328	0.187191
49.100000	0.137704	0.186814
49.200000	0.138092	0.186427
49.300000	0.138482	0.186037
49.400000	0.138866	0.185653
49.500000	0.139236	0.185283
49.600000	0.139583	0.184936
49.700000	0.139903	0.184616
49.800000	0.140189	0.184330
49.900000	0.140438	0.184081
50.000000	0.140647	0.183872
50.100000	0.140815	0.183704
50.200000	0.140941	0.183578
50.300000	0.141027	0.183492
50.400000	0.141077	0.183442
50.500000	0.141093	0.183426
50.600000	0.141083	0.183436
50.700000	0.141051	0.183468
50.800000	0.141004	0.183515
50.900000	0.140951	0.183568
51.000000	0.140897	0.183622
51.100000	0.140850	0.183669
51.200000	0.140815	0.183704
51.300000	0.140796	0.183723
51.400000	0.140798	0.183721
51.500000	0.140821	0.183697
51.600000	0.140867	0.183652
51.700000	0.140932	0.183587
51.800000	0.141015	0.183504
51.900000	0.141112	0.183407
52.000000	0.141217	0.183302
52.100000	0.141324	0.183195
52.200000	0.141428	0.183091
52.300000	0.141523	0.182996
52.400000	0.141602	0.182916
52.500000	0.141662	0.182857
52.600000	0.141697	0.182822
52.700000	0.141704	0.182815
52.800000	0.141680	0.182839
52.900000	0.141624	0.182895
53.000000	0.141533	0.182986
53.100000	0.141409	0.183110
53.200000	0.141251	0.183268
53.300000	0.141060	0.183459
53.400000	0.140838	0.183681
53.500000	0.140586	0.183933
53.600000	0.140306	0.184213
53.700000	0.140002	0.184517
53.800000	0.139677	0.184842
53.900000	0.139335	0.185184
54.000000	0.138981	0.185538
54.100000	0.138621	0.185898
54.200000	0.138261	0.186258
54.300000	0.137908	0.186611
54.400000	0.137570	0.186949
54.500000	0.137255	0.187264
54.600000	0.136971	0.187548
54.700000	0.136725	0.187794
54.800000	0.136526	0.187993
54.900000	0.136378	0.188141
55.000000	0.136289	0.188230
55.100000	0.136262	0.188257
55.200000	0.136300	0.188219
55.300000	0.136405	0.188114
55.400000	0.136575	0.187943
55.500000	0.136810	0.187709
55.600000	0.137105	0.187414
55.700000	0.137454	0.187065
55.800000	0.137852	0.186667
55.900000	0.138290	0.186229
56.000000	0.138760	0.185759
56.100000	0.139251	0.185268
56.200000	0.139755	0.184764
56.300000	0.140260	0.184259
56.400000	0.140757	0.183762
56.500000	0.141235	0.183284
56.600000	0.141685	0.182834
56.700000	0.142098	0.182421
56.800000	0.142466	0.182053
56.900000	0.142781	0.181738
57.000000	0.143038	0.181481
57.100000	0.143231	0.181288
57.200000	0.143356	0.181163
57.300000	0.143412	0.181107
57.400000	0.143399	0.181120
57.500000	0.143317	0.181202
57.600000	0.143170	0.181349
57.700000	0.142962	0.181557
57.800000	0.142699	0.181820
57.900000	0.142389	0.182130
58.000000	0.142039	0.182480
58.100000	0.141659	0.182860
58.200000	0.141259	0.183260
58.300000	0.140848	0.183671
58.400000	0.140436	0.184083
58.500000	0.140034	0.184485
58.600000	0.139649	0.184870
58.700000	0.139291	0.185228
58.800000	0.138967	0.185552
58.900000	0.138683	0.185836
59.000000	0.138444	0.186075
59.100000	0.138253	0.186266
59.200000	0.138112	0.186407
59.300000	0.138022	0.186497
59.400000	0.137982	0.186537
59.500000	0.137990	0.186529
59.600000	0.138041	0.186478
59.700000	0.138133	0.186386
59.800000	0.138259	0.186260
59.900000	0.138413	0.186106
60.000000	0.138589	0.185930
60.100000	0.138779	0.185740
60.200000	0.138977	0.185542
60.300000	0.139175	0.185344
60.400000	0.139365	0.185154
60.500000	0.139543	0.184976
60.600000	0.139700	0.184819
60.700000	0.139832	0.184687
60.800000	0.139935	0.184584
60.900000	0.140005	0.184514
61.000000	0.140040	0.184479
61.100000	0.140039	0.184480
61.200000	0.140002	0.184517
61.300000	0.139933	0.184586
61.400000	0.139835	0.184684
61.500000	0.139712	0.184807
61.600000	0.139571	0.184948
61.700000	0.139420	0.185099
61.800000	0.139265	0.185254
61.900000	0.139114	0.185405
62.000000	0.138976	0.185543
62.100000	0.138856	0.185663
62.200000	0.138762	0.185757
62.300000	0.138698	0.185821
62.400000	0.138669	0.185850
62.500000	0.138677	0.185842
62.600000	0.138725	0.185794
62.700000	0.138812	0.185707
62.800000	0.138939	0.185580
62.900000	0.139102	0.185417
63.000000	0.139300	0.185219
63.100000	0.139528	0.184991
63.200000	0.139783	0.184736
63.300000	0.140058	0.184461
63.400000	0.140349	0.184170
63.500000	0.140648	0.183871
63.600000	0.140949	0.183570
63.700000	0.141244	0.183275
63.800000	0.141525	0.182994
63.900000	0.141786	0.182733
64.000000	0.142018	0.182501
64.100000	0.142215	0.182304
64.200000	0.142368	0.182151
64.300000	0.142473	0.182046
64.400000	0.142525	0.181994
64.500000	0.142519	0.182000
64.600000	0.142453	0.182066
64.700000	0.142326	0.182193
64.800000	0.142140	0.182379
64.900000	0.141897	0.182622
65.000000	0.141603	0.182916
65.100000	0.141264	0.183255
65.200000	0.140888	0.183631
65.300000	0.140485	0.184034
65.400000	0.140065	0.184454
65.500000	0.139640	0.184879
65.600000	0.139220	0.185299
65.700000	0.138817	0.185702
65.800000	0.138441	0.186078
65.900000	0.138102	0.186416
66.000000	0.137808	0.186711
66.100000	0.137565	0.186954
66.200000	0.137378	0.187141
66.300000	0.137250	0.187269
66.400000	0.137181	0.187338
66.500000	0.137172	0.187347
66.600000	0.137219	0.187300
66.700000	0.137320	0.187199
66.800000	0.137470	0.187049
66.900000	0.137663	0.186856
67.000000	0.137894	0.186625
67.100000	0.138155	0.186364
67.200000	0.138439	0.186080
67.300000	0.138738	0.185781
67.400000	0.139046	0.185473
67.500000	0.139355	0.185164
67.600000	0.139657	0.184862
67.700000	0.139945	0.184574
67.800000	0.140213	0.184306
67.900000	0.140456	0.184063
68.000000	0.140668	0.183851
68.100000	0.140846	0.183673
68.200000	0.140986	0.183533
68.300000	0.141086	0.183433
68.400000	0.141147	0.183372
68.500000	0.141168	0.183351
68.600000	0.141152	0.183367
68.700000	0.141101	0.183418
68.800000	0.141020	0.183499
68.900000	0.140913	0.183606
69.000000	0.140785	0.183734
69.100000	0.140644	0.183875
69.200000	0.140494	0.184025
69.300000	0.140342	0.184177
69.400000	0.140194	0.184325
69.500000	0.140055	0.184464
69.600000	0.139931	0.184588
69.700000	0.139825	0.184694
69.800000	0.139741	0.184778
69.900000	0.139680	0.184839
70.000000	0.139645	0.184874
70.100000	0.139635	0.184883
70.200000	0.139650	0.184869
70.300000	0.139688	0.184831
70.400000	0.139746	0.184773
70.500000	0.139820	0.184698
70.600000	0.139908	0.184611
70.700000	0.140004	0.184515
70.800000	0.140105	0.184414
70.900000	0.140205	0.184314
71.000000	0.140300	0.184219
71.100000	0.140388	0.184131
71.200000	0.140463	0.184056
71.300000	0.140524	0.183995
71.400000	0.140568	0.183951
71.500000	0.140592	0.183927
71.600000	0.140596	0.183923
71.700000	0.140578	0.183941
71.800000	0.140538	0.183981
71.900000	0.140475	0.184044
72.000000	0.140390	0.184129
72.100000	0.140283	0.184236
72.200000	0.140157	0.184362
72.300000	0.140013	0.184506
72.400000	0.139854	0.184665
72.500000	0.139683	0.184836
72.600000	0.139506	0.185013
72.700000	0.139325	0.185194
72.800000	0.139148	0.185371
72.900000	0.138978	0.185541
73.000000	0.138820	0.185699
73.100000	0.138680	0.185839
73.200000	0.138562	0.185957
73.300000	0.138470	0.186049
73.400000	0.138406	0.186113
73.500000	0.138373	0.186146
73.600000	0.138372	0.186147
73.700000	0.138403	0.186116
73.800000	0.138465	0.186054
73.900000	0.138558	0.185961
74.000000	0.138679	0.185840
74.100000	0.138824	0.185695
74.200000	0.138991	0.185528
74.300000	0.139175	0.185344
74.400000	0.139370	0.185149
74.500000	0.139572	0.184947
74.600000	0.139775	0.184744
74.700000	0.139974	0.184545
74.800000	0.140165	0.184354
74.900000	0.140341	0.184178
75.000000	0.140500	0.184019
75.100000	0.140637	0.183882
75.200000	0.140750	0.183769
75.300000	0.140838	0.183681
75.400000	0.140900	0.183619
75.500000	0.140935	0.183584
75.600000	0.140944	0.183575
75.700000	0.140928	0.183591
75.800000	0.140890	0.183629
75.900000	0.140832	0.183687
76.000000	0.140758	0.183761
76.100000	0.140671	0.183848
76.200000	0.140574	0.183945
76.300000	0.140472	0.184047
76.400000	0.140367	0.184152
76.500000	0.140264	0.184255
76.600000	0.140165	0.184354
76.700000	0.140073	0.184446
76.800000	0.139990	0.184529
76.900000	0.139917	0.184602
77.000000	0.139856	0.184663
77.100000	0.139806	0.184713
77.200000	0.139768	0.184751
77.300000	0.139741	0.184778
77.400000	0.139725	0.184793
77.500000	0.139719	0.184799
77.600000	0.139722	0.184797
77.700000	0.139733	0.184786
77.800000	0.139750	0.184769
77.900000	0.139773	0.184746
78.000000	0.139799	0.184720
78.100000	0.139828	0.184691
78.200000	0.139858	0.184661
78.300000	0.139887	0.184632
78.400000	0.139914	0.184605
78.500000	0.139935	0.184584
78.600000	0.139950	0.184568
78.700000	0.139957	0.184562
78.800000	0.139952	0.184567
78.900000	0.139935	0.184584
79.000000	0.139904	0.184615
79.100000	0.139859	0.184660
79.200000	0.139800	0.184719
79.300000	0.139728	0.184791
79.400000	0.139644	0.184875
79.500000	0.139551	0.184968
79.600000	0.139452	0.185067
79.700000	0.139350	0.185169
79.800000	0.139249	0.185270
79.900000	0.139152	0.185367
80.000000	0.139064	0.185455
80.100000	0.138988	0.185531
80.200000	0.138927	0.185592
80.300000	0.138885	0.185634
80.400000	0.138862	0.185657
80.500000	0.138862	0.185657
80.600000	0.138885	0.185634
80.700000	0.138931	0.185588
80.800000	0.139001	0.185518
80.900000	0.139092	0.185427
81.000000	0.139203	0.185316
81.100000	0.139331	0.185188
81.200000	0.139474	0.185045
81.300000	0.139628	0.184891
81.400000	0.139788	0.184731
81.500000	0.139952	0.184567
81.600000	0.140116	0.184403
81.700000	0.140275	0.184244
81.800000	0.140427	0.184092
81.900000	0.140568	0.183951
82.000000	0.140694	0.183825
82.100000	0.140802	0.183717
82.200000	0.140891	0.183628
82.300000	0.140957	0.183562
82.400000	0.140999	0.183520
82.500000	0.141015	0.183504
82.600000	0.141006	0.183513
82.700000	0.140970	0.183549
82.800000	0.140910	0.183609
82.900000	0.140827	0.183692
83.000000	0.140723	0.183796
83.100000	0.140601	0.183918
83.200000	0.140465	0.184054
83.300000	0.140319	0.184200
83.400000	0.140168	0.184351
83.500000	0.140015	0.184504
83.600000	0.139866	0.184653
83.700000	0.139724	0.184795
83.800000	0.139592	0.184927
83.900000	0.139476	0.185043
84.000000	0.139377	0.185142
84.100000	0.139298	0.185221
84.200000	0.139241	0.185278
84.300000	0.139207	0.185312
84.400000	0.139196	0.185323
84.500000	0.139208	0.185311
84.600000	0.139242	0.185277
84.700000	0.139296	0.185223
84.800000	0.139369	0.185150
84.900000	0.139456	0.185063
85.000000	0.139556	0.184963
85.100000	0.139663	0.184856
85.200000	0.139774	0.184745
85.300000	0.139885	0.184634
85.400000	0.139991	0.184528
85.500000	0.140087	0.184432
85.600000	0.140169	0.184350
85.700000	0.140233	0.184286
85.800000	0.140276	0.184243
85.900000	0.140294	0.184225
86.000000	0.140286	0.184233
86.100000	0.140250	0.184269
86.200000	0.140188	0.184331
86.300000	0.140100	0.184419
86.400000	0.139988	0.184531
86.500000	0.139857	0.184662
86.600000	0.139709	0.184809
86.700000	0.139551	0.184968
86.800000	0.139387	0.185132
86.900000	0.139224	0.185295
87.000000	0.139066	0.185453
87.100000	0.138921	0.185598
87.200000	0.138794	0.185725
87.300000	0.138690	0.185829
87.400000	0.138614	0.185905
87.500000	0.138569	0.185950
87.600000	0.138558	0.185961
87.700000	0.138583	0.185936
87.800000	0.138645	0.185874
87.900000	0.138743	0.185776
88.000000	0.138875	0.185644
88.100000	0.139039	0.185480
88.200000	0.139230	0.185289
88.300000	0.139445	0.185074
88.400000	0.139678	0.184841
88.500000	0.139923	0.184596
88.600000	0.140174	0.184345
88.700000	0.140426	0.184093
88.800000	0.140670	0.183849
88.900000	0.140903	0.183616
89.000000	0.141117	0.183402
89.100000	0.141307	0.183212
89.200000	0.141470	0.183049
89.300000	0.141599	0.182920
89.400000	0.141694	0.182825
89.500000	0.141750	0.182769
89.600000	0.141766	0.182753
89.700000	0.141742	0.182777
89.800000	0.141677	0.182842
89.900000	0.141572	0.182947
90.000000	0.141429	0.183090
90.100000	0.141252	0.183267
90.200000	0.141043	0.183476
90.300000	0.140806	0.183713
90.400000	0.140547	0.183972
90.500000	0.140272	0.184247
90.600000	0.139985	0.184534
90.700000	0.139695	0.184824
90.800000	0.139408	0.185111
90.900000	0.139131	0.185388
91.000000	0.138870	0.185649
91.100000	0.138633	0.185886
91.200000	0.138425	0.186094
91.300000	0.138251	0.186268
91.400000	0.138117	0.186402
91.500000	0.138025	0.186494
91.600000	0.137978	0.186541
91.700000	0.137976	0.186543
91.800000	0.138020	0.186499
91.900000	0.138107	0.186412
92.000000	0.138234	0.186285
92.100000	0.138397	0.186121
92.200000	0.138592	0.185927
92.300000	0.138810	0.185709
92.400000	0.139046	0.185473
92.500000	0.139292	0.185227
92.600000	0.139541	0.184978
92.700000	0.139785	0.184733
92.800000	0.140018	0.184501
92.900000	0.140233	0.184286
93.000000	0.140424	0.184095
93.100000	0.140588	0.183931
93.200000	0.140721	0.183798
93.300000	0.140820	0.183699
93.400000	0.140885	0.183634
93.500000	0.140916	0.183603
93.600000	0.140912	0.183607
93.700000	0.140877	0.183642
93.800000	0.140812	0.183707
93.900000	0.140720	0.183799
94.000000	0.140606	0.183913
94.100000	0.140474	0.184045
94.200000	0.140327	0.184192
94.300000	0.140172	0.184347
94.400000	0.140013	0.184506
94.500000	0.139855	0.184664
94.600000	0.139703	0.184816
94.700000	0.139563	0.184956
94.800000	0.139439	0.185080
94.900000	0.139334	0.185185
95.000000	0.139253	0.185266
95.100000	0.139198	0.185321
95.200000	0.139171	0.185348
95.300000	0.139172	0.185347
95.400000	0.139203	0.185316
95.500000	0.139261	0.185258
95.600000	0.139345	0.185173
95.700000	0.139453	0.185066
95.800000	0.139581	0.184938
95.900000	0.139724	0.184795
96.000000	0.139879	0.184639
96.100000	0.140041	0.184478
96.200000	0.140205	0.184314
96.300000	0.140365	0.184154
96.400000	0.140517	0.184002
96.500000	0.140655	0.183864
96.600000	0.140774	0.183745
96.700000	0.140871	0.183648
96.800000	0.140940	0.183579
96.900000	0.140979	0.183540
97.000000	0.140986	0.183533
97.100000	0.140959	0.183560
97.200000	0.140898	0.183621
97.300000	0.140805	0.183714
97.400000	0.140681	0.183837
97.500000	0.140531	0.183988
97.600000	0.140359	0.184160
97.700000	0.140169	0.184350
97.800000	0.139967	0.184552
97.900000	0.139758	0.184761
98.000000	0.139550	0.184969
98.100000	0.139346	0.185173
98.200000	0.139153	0.185366
98.300000	0.138974	0.185545
98.400000	0.138814	0.185705
98.500000	0.138676	0.185843
98.600000	0.138562	0.185957
98.700000	0.138475	0.186044
98.800000	0.138416	0.186103
98.900000	0.138385	0.186134
99.000000	0.138383	0.186136
99.100000	0.138410	0.186109
99.200000	0.138466	0.186053
99.300000	0.138550	0.185969
99.400000	0.138661	0.185858
99.500000	0.138797	0.185722
99.600000	0.138956	0.185563
99.700000	0.139135	0.185384
99.800000	0.139331	0.185188
99.900000	0.139539	0.184980
100.000000	0.139755	0.184764
100.100000	0.139973	0.184546
