0.100000 -0.000037 0.637210 0.637210
0.200000 -0.000027 0.641437 0.641437
0.300000 -0.000017 0.648457 0.648457
0.400000 -0.000006 0.658202 0.658202
0.500000 0.000005 0.670575 0.670575
0.600000 0.000018 0.685438 0.685438
0.700000 0.000032 0.702614 0.702614
0.800000 0.000049 0.721873 0.721873
0.900000 0.000067 0.742927 0.742927
1.000000 0.000088 0.765430 0.765430
1.100000 0.000111 0.788964 0.788964
1.200000 0.000136 0.813045 0.813045
1.300000 0.000163 0.837127 0.837127
1.400000 0.000192 0.860605 0.860605
1.500000 0.000222 0.882836 0.882836
1.600000 0.000253 0.903156 0.903156
1.700000 0.000283 0.920915 0.920915
1.800000 0.000312 0.935503 0.935503
1.900000 0.000340 0.946390 0.946390
2.000000 0.000365 0.953156 0.953157
2.100000 0.000387 0.955528 0.955528
2.200000 0.000405 0.953392 0.953392
2.300000 0.000421 0.946814 0.946814
2.400000 0.000433 0.936030 0.936031
2.500000 0.000442 0.921440 0.921440
2.600000 0.000450 0.903574 0.903574
2.700000 0.000455 0.883065 0.883065
2.800000 0.000459 0.860605 0.860605
2.900000 0.000463 0.836909 0.836910
3.000000 0.000466 0.812680 0.812680
3.100000 0.000470 0.788576 0.788576
3.200000 0.000474 0.765189 0.765189
3.300000 0.000479 0.743037 0.743037
3.400000 0.000485 0.722552 0.722552
3.500000 0.000492 0.704083 0.704084
3.600000 0.000501 0.687902 0.687902
3.700000 0.000511 0.674209 0.674209
3.800000 0.000523 0.663142 0.663143
3.900000 0.000537 0.654788 0.654788
4.000000 0.000552 0.649187 0.649187
4.100000 0.000569 0.646344 0.646344
4.200000 0.000589 0.646229 0.646230
4.300000 0.000610 0.648789 0.648789
4.400000 0.000632 0.653941 0.653941
4.500000 0.000657 0.661580 0.661581
4.600000 0.000683 0.671578 0.671578
4.700000 0.000710 0.683778 0.683778
4.800000 0.000739 0.697997 0.697998
4.900000 0.000769 0.714022 0.714023
5.000000 0.000799 0.731605 0.731605
5.100000 0.000831 0.750460 0.750461
5.200000 0.000862 0.770266 0.770267
5.300000 0.000894 0.790661 0.790661
5.400000 0.000926 0.811244 0.811245
5.500000 0.000958 0.831583 0.831584
5.600000 0.000990 0.851217 0.851217
5.700000 0.001022 0.869668 0.869669
5.800000 0.001054 0.886457 0.886457
5.900000 0.001087 0.901117 0.901118
6.000000 0.001121 0.913217 0.913218
6.100000 0.001155 0.922379 0.922380
6.200000 0.001188 0.928301 0.928302
6.300000 0.001222 0.930776 0.930776
6.400000 0.001254 0.929704 0.929705
6.500000 0.001283 0.925108 0.925109
6.600000 0.001309 0.917130 0.917131
6.700000 0.001330 0.906030 0.906031
6.800000 0.001345 0.892175 0.892176
6.900000 0.001353 0.876020 0.876021
7.000000 0.001354 0.858084 0.858085
7.100000 0.001348 0.838926 0.838927
7.200000 0.001336 0.819117 0.819118
7.300000 0.001319 0.799217 0.799218
7.400000 0.001298 0.779750 0.779751
7.500000 0.001275 0.761193 0.761195
7.600000 0.001251 0.743959 0.743960
7.700000 0.001228 0.728389 0.728391
7.800000 0.001206 0.714758 0.714759
7.900000 0.001189 0.703265 0.703266
8.000000 0.001175 0.694048 0.694049
8.100000 0.001167 0.687183 0.687184
8.200000 0.001164 0.682694 0.682695
8.300000 0.001167 0.680557 0.680558
8.400000 0.001177 0.680711 0.680712
8.500000 0.001193 0.683060 0.683061
8.600000 0.001216 0.687480 0.687481
8.700000 0.001245 0.693821 0.693822
8.800000 0.001282 0.701911 0.701913
8.900000 0.001325 0.711559 0.711560
9.000000 0.001374 0.722554 0.722556
9.100000 0.001430 0.734669 0.734671
9.200000 0.001491 0.747660 0.747661
9.300000 0.001558 0.761268 0.761270
9.400000 0.001629 0.775223 0.775225
9.500000 0.001704 0.789243 0.789245
9.600000 0.001781 0.803042 0.803044
9.700000 0.001859 0.816329 0.816332
9.800000 0.001936 0.828823 0.828826
9.900000 0.002010 0.840252 0.840255
10.000000 0.002080 0.850366 0.850368
10.100000 0.002143 0.858941 0.858944
10.200000 0.002198 0.865795 0.865798
10.300000 0.002244 0.870787 0.870790
10.400000 0.002278 0.873829 0.873832
10.500000 0.002301 0.874888 0.874891
10.600000 0.002312 0.873987 0.873990
10.700000 0.002312 0.871206 0.871209
10.800000 0.002301 0.866679 0.866682
10.900000 0.002281 0.860584 0.860587
11.000000 0.002255 0.853139 0.853142
11.100000 0.002224 0.844592 0.844595
11.200000 0.002190 0.835210 0.835213
11.300000 0.002157 0.825269 0.825272
11.400000 0.002126 0.815046 0.815049
11.500000 0.002100 0.804810 0.804813
11.600000 0.002080 0.794812 0.794814
11.700000 0.002068 0.785282 0.785285
11.800000 0.002065 0.776425 0.776427
11.900000 0.002071 0.768414 0.768417
12.000000 0.002086 0.761395 0.761397
12.100000 0.002109 0.755477 0.755480
12.200000 0.002139 0.750741 0.750744
12.300000 0.002176 0.747237 0.747240
12.400000 0.002218 0.744983 0.744986
12.500000 0.002263 0.743971 0.743974
12.600000 0.002310 0.744166 0.744170
12.700000 0.002358 0.745509 0.745513
12.800000 0.002404 0.747919 0.747923
12.900000 0.002447 0.751292 0.751296
13.000000 0.002487 0.755509 0.755513
13.100000 0.002521 0.760432 0.760437
13.200000 0.002551 0.765913 0.765917
13.300000 0.002574 0.771790 0.771794
13.400000 0.002591 0.777896 0.777900
13.500000 0.002602 0.784060 0.784064
13.600000 0.002607 0.790115 0.790119
13.700000 0.002608 0.795896 0.795900
13.800000 0.002604 0.801251 0.801256
13.900000 0.002597 0.806046 0.806050
14.000000 0.002588 0.810162 0.810166
14.100000 0.002577 0.813509 0.813514
14.200000 0.002566 0.816022 0.816026
14.300000 0.002554 0.817665 0.817669
14.400000 0.002544 0.818432 0.818436
14.500000 0.002535 0.818344 0.818348
14.600000 0.002527 0.817453 0.817457
14.700000 0.002521 0.815830 0.815834
14.800000 0.002516 0.813570 0.813574
14.900000 0.002514 0.810783 0.810786
15.000000 0.002513 0.807587 0.807591
15.100000 0.002515 0.804111 0.804115
15.200000 0.002519 0.800483 0.800487
15.300000 0.002526 0.796829 0.796833
15.400000 0.002534 0.793270 0.793274
15.500000 0.002545 0.789917 0.789921
15.600000 0.002559 0.786870 0.786874
15.700000 0.002574 0.784216 0.784220
15.800000 0.002591 0.782026 0.782030
15.900000 0.002610 0.780356 0.780361
16.000000 0.002629 0.779246 0.779250
16.100000 0.002649 0.778717 0.778721
16.200000 0.002670 0.778776 0.778780
16.300000 0.002691 0.779412 0.779416
16.400000 0.002712 0.780598 0.780602
16.500000 0.002733 0.782292 0.782297
16.600000 0.002755 0.784439 0.784444
16.700000 0.002778 0.786968 0.786973
16.800000 0.002802 0.789799 0.789804
16.900000 0.002828 0.792840 0.792845
17.000000 0.002856 0.795993 0.795998
17.100000 0.002887 0.799154 0.799160
17.200000 0.002920 0.802219 0.802225
17.300000 0.002955 0.805084 0.805090
17.400000 0.002991 0.807651 0.807657
17.500000 0.003029 0.809831 0.809837
17.600000 0.003067 0.811547 0.811553
17.700000 0.003104 0.812740 0.812746
17.800000 0.003139 0.813366 0.813372
17.900000 0.003172 0.813406 0.813412
18.000000 0.003202 0.812857 0.812863
18.100000 0.003229 0.811741 0.811748
18.200000 0.003254 0.810098 0.810105
18.300000 0.003276 0.807985 0.807992
18.400000 0.003297 0.805474 0.805480
18.500000 0.003317 0.802645 0.802652
18.600000 0.003336 0.799589 0.799596
18.700000 0.003358 0.796396 0.796403
18.800000 0.003381 0.793158 0.793165
18.900000 0.003407 0.789964 0.789971
19.000000 0.003437 0.786896 0.786904
19.100000 0.003472 0.784029 0.784036
19.200000 0.003511 0.781429 0.781437
19.300000 0.003554 0.779152 0.779160
19.400000 0.003602 0.777245 0.777253
19.500000 0.003654 0.775744 0.775752
19.600000 0.003708 0.774674 0.774683
19.700000 0.003764 0.774051 0.774060
19.800000 0.003822 0.773880 0.773889
19.900000 0.003878 0.774157 0.774166
20.000000 0.003934 0.774868 0.774878
20.100000 0.003987 0.775990 0.776000
20.200000 0.004037 0.777492 0.777502
20.300000 0.004084 0.779334 0.779345
20.400000 0.004127 0.781469 0.781480
20.500000 0.004166 0.783845 0.783856
20.600000 0.004200 0.786403 0.786414
20.700000 0.004230 0.789079 0.789090
20.800000 0.004256 0.791809 0.791820
20.900000 0.004277 0.794526 0.794538
21.000000 0.004294 0.797166 0.797178
21.100000 0.004307 0.799666 0.799677
21.200000 0.004316 0.801967 0.801978
21.300000 0.004323 0.804018 0.804029
21.400000 0.004326 0.805775 0.805787
21.500000 0.004329 0.807205 0.807217
21.600000 0.004330 0.808283 0.808295
21.700000 0.004331 0.808997 0.809009
21.800000 0.004332 0.809344 0.809356
21.900000 0.004334 0.809334 0.809346
22.000000 0.004337 0.808985 0.808997
22.100000 0.004340 0.808325 0.808337
22.200000 0.004344 0.807389 0.807400
22.300000 0.004348 0.806216 0.806228
22.400000 0.004351 0.804851 0.804863
22.500000 0.004354 0.803339 0.803351
22.600000 0.004355 0.801726 0.801738
22.700000 0.004355 0.800057 0.800068
22.800000 0.004354 0.798373 0.798385
22.900000 0.004350 0.796715 0.796727
23.000000 0.004343 0.795118 0.795130
23.100000 0.004334 0.793614 0.793626
23.200000 0.004323 0.792230 0.792241
23.300000 0.004308 0.790990 0.791001
23.400000 0.004290 0.789914 0.789926
23.500000 0.004269 0.789019 0.789031
23.600000 0.004246 0.788317 0.788329
23.700000 0.004220 0.787816 0.787827
23.800000 0.004194 0.787519 0.787530
23.900000 0.004167 0.787425 0.787436
24.000000 0.004142 0.787527 0.787538
24.100000 0.004120 0.787814 0.787825
24.200000 0.004101 0.788268 0.788279
24.300000 0.004087 0.788865 0.788876
24.400000 0.004079 0.789579 0.789590
24.500000 0.004078 0.790377 0.790387
24.600000 0.004084 0.791223 0.791234
24.700000 0.004097 0.792082 0.792093
24.800000 0.004116 0.792916 0.792927
24.900000 0.004141 0.793690 0.793701
25.000000 0.004169 0.794371 0.794382
25.100000 0.004200 0.794932 0.794943
25.200000 0.004233 0.795349 0.795361
25.300000 0.004265 0.795608 0.795619
25.400000 0.004296 0.795698 0.795710
25.500000 0.004325 0.795619 0.795631
25.600000 0.004351 0.795377 0.795389
25.700000 0.004375 0.794983 0.794995
25.800000 0.004395 0.794457 0.794469
25.900000 0.004413 0.793821 0.793834
26.000000 0.004428 0.793105 0.793117
26.100000 0.004442 0.792338 0.792350
26.200000 0.004453 0.791553 0.791566
26.300000 0.004463 0.790784 0.790797
26.400000 0.004472 0.790063 0.790075
26.500000 0.004482 0.789420 0.789432
26.600000 0.004492 0.788883 0.788896
26.700000 0.004504 0.788478 0.788491
26.800000 0.004520 0.788224 0.788237
26.900000 0.004540 0.788138 0.788151
27.000000 0.004566 0.788231 0.788244
27.100000 0.004599 0.788507 0.788520
27.200000 0.004640 0.788968 0.788982
27.300000 0.004689 0.789610 0.789623
27.400000 0.004747 0.790421 0.790435
27.500000 0.004813 0.791387 0.791402
27.600000 0.004886 0.792489 0.792504
27.700000 0.004965 0.793701 0.793716
27.800000 0.005049 0.794995 0.795011
27.900000 0.005135 0.796340 0.796357
28.000000 0.005222 0.797700 0.797717
28.100000 0.005307 0.799038 0.799056
28.200000 0.005389 0.800317 0.800335
28.300000 0.005465 0.801499 0.801518
28.400000 0.005533 0.802549 0.802568
28.500000 0.005592 0.803433 0.803453
28.600000 0.005642 0.804124 0.804144
28.700000 0.005681 0.804597 0.804617
28.800000 0.005709 0.804837 0.804857
28.900000 0.005726 0.804833 0.804853
29.000000 0.005734 0.804583 0.804604
29.100000 0.005733 0.804094 0.804115
29.200000 0.005726 0.803378 0.803399
29.300000 0.005714 0.802456 0.802476
29.400000 0.005701 0.801353 0.801373
29.500000 0.005688 0.800100 0.800120
29.600000 0.005678 0.798733 0.798753
29.700000 0.005672 0.797286 0.797307
29.800000 0.005673 0.795799 0.795819
29.900000 0.005681 0.794306 0.794327
30.000000 0.005695 0.792843 0.792864
30.100000 0.005716 0.791441 0.791462
30.200000 0.005742 0.790129 0.790150
30.300000 0.005771 0.788930 0.788952
30.400000 0.005802 0.787866 0.787888
30.500000 0.005833 0.786953 0.786974
30.600000 0.005861 0.786202 0.786223
30.700000 0.005887 0.785621 0.785643
30.800000 0.005908 0.785214 0.785237
30.900000 0.005926 0.784983 0.785005
31.000000 0.005940 0.784922 0.784944
31.100000 0.005951 0.785026 0.785048
31.200000 0.005960 0.785284 0.785306
31.300000 0.005969 0.785683 0.785706
31.400000 0.005977 0.786210 0.786233
31.500000 0.005987 0.786846 0.786869
31.600000 0.005998 0.787573 0.787595
31.700000 0.006010 0.788370 0.788393
31.800000 0.006024 0.789218 0.789241
31.900000 0.006039 0.790097 0.790120
32.000000 0.006053 0.790986 0.791009
32.100000 0.006067 0.791867 0.791890
32.200000 0.006080 0.792724 0.792747
32.300000 0.006089 0.793541 0.793565
32.400000 0.006096 0.794308 0.794332
32.500000 0.006100 0.795016 0.795039
32.600000 0.006100 0.795657 0.795680
32.700000 0.006097 0.796229 0.796252
32.800000 0.006093 0.796730 0.796753
32.900000 0.006086 0.797162 0.797185
33.000000 0.006079 0.797528 0.797551
33.100000 0.006072 0.797832 0.797855
33.200000 0.006066 0.798079 0.798102
33.300000 0.006062 0.798274 0.798297
33.400000 0.006061 0.798422 0.798445
33.500000 0.006062 0.798529 0.798552
33.600000 0.006066 0.798598 0.798621
33.700000 0.006074 0.798633 0.798656
33.800000 0.006084 0.798637 0.798660
33.900000 0.006098 0.798613 0.798636
34.000000 0.006114 0.798563 0.798586
34.100000 0.006131 0.798487 0.798510
34.200000 0.006150 0.798386 0.798410
34.300000 0.006170 0.798261 0.798285
34.400000 0.006190 0.798112 0.798136
34.500000 0.006211 0.797939 0.797964
34.600000 0.006232 0.797742 0.797767
34.700000 0.006253 0.797521 0.797546
34.800000 0.006275 0.797276 0.797301
34.900000 0.006298 0.797008 0.797032
35.000000 0.006322 0.796716 0.796741
35.100000 0.006348 0.796403 0.796428
35.200000 0.006374 0.796069 0.796094
35.300000 0.006402 0.795716 0.795742
35.400000 0.006430 0.795347 0.795372
35.500000 0.006459 0.794962 0.794988
35.600000 0.006487 0.794564 0.794590
35.700000 0.006514 0.794156 0.794182
35.800000 0.006539 0.793739 0.793766
35.900000 0.006561 0.793317 0.793344
36.000000 0.006581 0.792892 0.792920
36.100000 0.006597 0.792469 0.792496
36.200000 0.006611 0.792050 0.792078
36.300000 0.006621 0.791641 0.791668
36.400000 0.006629 0.791246 0.791273
36.500000 0.006635 0.790870 0.790898
36.600000 0.006639 0.790519 0.790547
36.700000 0.006643 0.790198 0.790226
36.800000 0.006647 0.789913 0.789941
36.900000 0.006653 0.789668 0.789696
37.000000 0.006661 0.789469 0.789497
37.100000 0.006673 0.789319 0.789347
37.200000 0.006690 0.789221 0.789249
37.300000 0.006711 0.789178 0.789207
37.400000 0.006738 0.789193 0.789222
37.500000 0.006770 0.789266 0.789295
37.600000 0.006807 0.789399 0.789429
37.700000 0.006847 0.789592 0.789622
37.800000 0.006890 0.789844 0.789874
37.900000 0.006933 0.790154 0.790185
38.000000 0.006974 0.790521 0.790552
38.100000 0.007013 0.790942 0.790973
38.200000 0.007048 0.791414 0.791445
38.300000 0.007077 0.791931 0.791963
38.400000 0.007101 0.792488 0.792520
38.500000 0.007121 0.793079 0.793111
38.600000 0.007135 0.793696 0.793728
38.700000 0.007147 0.794329 0.794361
38.800000 0.007158 0.794969 0.795001
38.900000 0.007169 0.795605 0.795637
39.000000 0.007183 0.796227 0.796259
39.100000 0.007200 0.796823 0.796856
39.200000 0.007222 0.797383 0.797416
39.300000 0.007249 0.797896 0.797929
39.400000 0.007282 0.798351 0.798385
39.500000 0.007319 0.798742 0.798775
39.600000 0.007360 0.799059 0.799093
39.700000 0.007403 0.799299 0.799333
39.800000 0.007446 0.799457 0.799492
39.900000 0.007489 0.799533 0.799568
40.000000 0.007529 0.799526 0.799561
40.100000 0.007565 0.799439 0.799475
40.200000 0.007596 0.799275 0.799311
40.300000 0.007621 0.799041 0.799077
40.400000 0.007640 0.798741 0.798777
40.500000 0.007651 0.798383 0.798420
40.600000 0.007657 0.797976 0.798013
40.700000 0.007658 0.797528 0.797565
40.800000 0.007654 0.797048 0.797084
40.900000 0.007649 0.796544 0.796581
41.000000 0.007642 0.796027 0.796064
41.100000 0.007636 0.795505 0.795542
41.200000 0.007632 0.794987 0.795024
41.300000 0.007630 0.794481 0.794517
41.400000 0.007633 0.793993 0.794030
41.500000 0.007639 0.793530 0.793567
41.600000 0.007649 0.793097 0.793134
41.700000 0.007664 0.792697 0.792734
41.800000 0.007681 0.792333 0.792370
41.900000 0.007702 0.792004 0.792042
42.000000 0.007725 0.791713 0.791750
42.100000 0.007751 0.791456 0.791494
42.200000 0.007779 0.791233 0.791271
42.300000 0.007809 0.791042 0.791080
42.400000 0.007842 0.790879 0.790918
42.500000 0.007875 0.790742 0.790781
42.600000 0.007911 0.790628 0.790668
42.700000 0.007948 0.790536 0.790576
42.800000 0.007987 0.790461 0.790502
42.900000 0.008027 0.790404 0.790445
43.000000 0.008067 0.790363 0.790404
43.100000 0.008106 0.790338 0.790379
43.200000 0.008145 0.790329 0.790371
43.300000 0.008181 0.790339 0.790381
43.400000 0.008214 0.790369 0.790412
43.500000 0.008243 0.790424 0.790467
43.600000 0.008266 0.790506 0.790549
43.700000 0.008283 0.790621 0.790664
43.800000 0.008292 0.790772 0.790815
43.900000 0.008295 0.790963 0.791007
44.000000 0.008291 0.791199 0.791242
44.100000 0.008281 0.791482 0.791525
44.200000 0.008266 0.791814 0.791857
44.300000 0.008248 0.792196 0.792239
44.400000 0.008229 0.792627 0.792669
44.500000 0.008211 0.793104 0.793147
44.600000 0.008195 0.793624 0.793666
44.700000 0.008184 0.794181 0.794223
44.800000 0.008179 0.794767 0.794809
44.900000 0.008182 0.795373 0.795415
45.000000 0.008191 0.795990 0.796032
45.100000 0.008209 0.796604 0.796647
45.200000 0.008234 0.797205 0.797248
45.300000 0.008265 0.797780 0.797823
45.400000 0.008303 0.798316 0.798359
45.500000 0.008344 0.798801 0.798845
45.600000 0.008389 0.799223 0.799267
45.700000 0.008436 0.799572 0.799617
45.800000 0.008482 0.799838 0.799883
45.900000 0.008528 0.800014 0.800059
46.000000 0.008571 0.800092 0.800138
46.100000 0.008611 0.800068 0.800115
46.200000 0.008647 0.799941 0.799987
46.300000 0.008677 0.799708 0.799756
46.400000 0.008702 0.799374 0.799421
46.500000 0.008721 0.798941 0.798989
46.600000 0.008733 0.798418 0.798465
46.700000 0.008739 0.797813 0.797861
46.800000 0.008739 0.797138 0.797186
46.900000 0.008733 0.796408 0.796456
47.000000 0.008722 0.795638 0.795685
47.100000 0.008706 0.794844 0.794892
47.200000 0.008686 0.794044 0.794092
47.300000 0.008664 0.793256 0.793303
47.400000 0.008641 0.792497 0.792544
47.500000 0.008617 0.791782 0.791828
47.600000 0.008596 0.791125 0.791172
47.700000 0.008578 0.790540 0.790587
47.800000 0.008566 0.790037 0.790084
47.900000 0.008560 0.789623 0.789670
48.000000 0.008563 0.789304 0.789351
48.100000 0.008574 0.789083 0.789130
48.200000 0.008595 0.788960 0.789007
48.300000 0.008626 0.788933 0.788981
48.400000 0.008666 0.788999 0.789047
48.500000 0.008715 0.789152 0.789200
48.600000 0.008771 0.789384 0.789433
48.700000 0.008832 0.789686 0.789735
48.800000 0.008897 0.790048 0.790098
48.900000 0.008963 0.790460 0.790510
49.000000 0.009028 0.790909 0.790960
49.100000 0.009091 0.791384 0.791436
49.200000 0.009150 0.791873 0.791926
49.300000 0.009204 0.792365 0.792418
49.400000 0.009252 0.792849 0.792903
49.500000 0.009294 0.793314 0.793368
49.600000 0.009330 0.793752 0.793806
49.700000 0.009360 0.794154 0.794209
49.800000 0.009383 0.794514 0.794570
49.900000 0.009401 0.794827 0.794883
50.000000 0.009413 0.795090 0.795146
50.100000 0.009420 0.795300 0.795356
50.200000 0.009422 0.795459 0.795515
50.300000 0.009420 0.795568 0.795623
50.400000 0.009414 0.795630 0.795685
50.500000 0.009406 0.795651 0.795706
50.600000 0.009397 0.795637 0.795693
50.700000 0.009388 0.795597 0.795653
50.800000 0.009381 0.795539 0.795595
50.900000 0.009377 0.795472 0.795527
51.000000 0.009378 0.795405 0.795460
51.100000 0.009384 0.795345 0.795400
51.200000 0.009398 0.795301 0.795356
51.300000 0.009420 0.795277 0.795333
51.400000 0.009449 0.795279 0.795335
51.500000 0.009487 0.795308 0.795365
51.600000 0.009531 0.795364 0.795422
51.700000 0.009581 0.795446 0.795504
51.800000 0.009636 0.795550 0.795608
51.900000 0.009693 0.795671 0.795730
52.000000 0.009751 0.795802 0.795861
52.100000 0.009808 0.795936 0.795996
52.200000 0.009862 0.796066 0.796127
52.300000 0.009910 0.796184 0.796246
52.400000 0.009950 0.796284 0.796346
52.500000 0.009982 0.796358 0.796421
52.600000 0.010004 0.796402 0.796465
52.700000 0.010016 0.796411 0.796474
52.800000 0.010017 0.796381 0.796444
52.900000 0.010009 0.796310 0.796373
53.000000 0.009991 0.796196 0.796259
53.100000 0.009967 0.796041 0.796103
53.200000 0.009939 0.795843 0.795905
53.300000 0.009907 0.795603 0.795665
53.400000 0.009876 0.795324 0.795385
53.500000 0.009847 0.795007 0.795068
53.600000 0.009821 0.794656 0.794717
53.700000 0.009801 0.794273 0.794334
53.800000 0.009787 0.793864 0.793924
53.900000 0.009779 0.793433 0.793494
54.000000 0.009778 0.792987 0.793047
54.100000 0.009783 0.792533 0.792593
54.200000 0.009794 0.792078 0.792139
54.300000 0.009810 0.791633 0.791693
54.400000 0.009830 0.791206 0.791267
54.500000 0.009854 0.790807 0.790868
54.600000 0.009881 0.790447 0.790509
54.700000 0.009911 0.790136 0.790198
54.800000 0.009944 0.789883 0.789945
54.900000 0.009979 0.789696 0.789759
55.000000 0.010017 0.789582 0.789646
55.100000 0.010057 0.789547 0.789611
55.200000 0.010100 0.789595 0.789660
55.300000 0.010144 0.789727 0.789792
55.400000 0.010190 0.789943 0.790008
55.500000 0.010237 0.790239 0.790305
55.600000 0.010283 0.790611 0.790678
55.700000 0.010328 0.791052 0.791120
55.800000 0.010371 0.791554 0.791622
55.900000 0.010410 0.792107 0.792176
56.000000 0.010447 0.792699 0.792768
56.100000 0.010479 0.793319 0.793388
56.200000 0.010508 0.793953 0.794022
56.300000 0.010532 0.794588 0.794658
56.400000 0.010553 0.795213 0.795283
56.500000 0.010571 0.795814 0.795884
56.600000 0.010586 0.796379 0.796450
56.700000 0.010599 0.796898 0.796968
56.800000 0.010610 0.797359 0.797430
56.900000 0.010620 0.797754 0.797825
57.000000 0.010629 0.798076 0.798146
57.100000 0.010638 0.798317 0.798388
57.200000 0.010646 0.798474 0.798545
57.300000 0.010655 0.798544 0.798616
57.400000 0.010665 0.798528 0.798599
57.500000 0.010677 0.798425 0.798496
57.600000 0.010692 0.798240 0.798312
57.700000 0.010710 0.797980 0.798052
57.800000 0.010733 0.797650 0.797722
57.900000 0.010759 0.797260 0.797333
58.000000 0.010790 0.796821 0.796894
58.100000 0.010825 0.796344 0.796417
58.200000 0.010863 0.795840 0.795914
58.300000 0.010904 0.795323 0.795398
58.400000 0.010947 0.794805 0.794880
58.500000 0.010991 0.794298 0.794374
58.600000 0.011035 0.793813 0.793890
58.700000 0.011078 0.793361 0.793439
58.800000 0.011120 0.792952 0.793030
58.900000 0.011161 0.792593 0.792672
59.000000 0.011198 0.792291 0.792370
59.100000 0.011232 0.792049 0.792129
59.200000 0.011262 0.791871 0.791951
59.300000 0.011287 0.791757 0.791837
59.400000 0.011307 0.791706 0.791787
59.500000 0.011321 0.791715 0.791796
59.600000 0.011328 0.791780 0.791862
59.700000 0.011330 0.791896 0.791977
59.800000 0.011324 0.792055 0.792136
59.900000 0.011313 0.792250 0.792331
60.000000 0.011297 0.792472 0.792553
60.100000 0.011276 0.792713 0.792793
60.200000 0.011251 0.792962 0.793042
60.300000 0.011224 0.793212 0.793291
60.400000 0.011196 0.793453 0.793532
60.500000 0.011167 0.793677 0.793755
60.600000 0.011140 0.793875 0.793953
60.700000 0.011114 0.794042 0.794120
60.800000 0.011091 0.794172 0.794249
60.900000 0.011074 0.794260 0.794337
61.000000 0.011062 0.794304 0.794381
61.100000 0.011057 0.794303 0.794380
61.200000 0.011061 0.794257 0.794334
61.300000 0.011073 0.794170 0.794247
61.400000 0.011094 0.794046 0.794123
61.500000 0.011125 0.793891 0.793969
61.600000 0.011163 0.793713 0.793791
61.700000 0.011209 0.793521 0.793600
61.800000 0.011260 0.793325 0.793405
61.900000 0.011314 0.793135 0.793215
62.000000 0.011369 0.792959 0.793041
62.100000 0.011423 0.792808 0.792890
62.200000 0.011473 0.792688 0.792771
62.300000 0.011517 0.792607 0.792691
62.400000 0.011553 0.792570 0.792654
62.500000 0.011581 0.792580 0.792664
62.600000 0.011598 0.792640 0.792725
62.700000 0.011606 0.792750 0.792835
62.800000 0.011605 0.792909 0.792994
62.900000 0.011595 0.793115 0.793200
63.000000 0.011577 0.793365 0.793449
63.100000 0.011553 0.793653 0.793737
63.200000 0.011525 0.793974 0.794058
63.300000 0.011495 0.794321 0.794405
63.400000 0.011467 0.794688 0.794770
63.500000 0.011442 0.795064 0.795146
63.600000 0.011422 0.795442 0.795524
63.700000 0.011411 0.795813 0.795895
63.800000 0.011411 0.796167 0.796249
63.900000 0.011421 0.796494 0.796576
64.000000 0.011444 0.796786 0.796868
64.100000 0.011480 0.797032 0.797114
64.200000 0.011528 0.797224 0.797307
64.300000 0.011587 0.797355 0.797439
64.400000 0.011656 0.797418 0.797503
64.500000 0.011731 0.797409 0.797496
64.600000 0.011812 0.797325 0.797413
64.700000 0.011895 0.797165 0.797254
64.800000 0.011977 0.796931 0.797021
64.900000 0.012057 0.796625 0.796716
65.000000 0.012132 0.796255 0.796347
65.100000 0.012201 0.795828 0.795921
65.200000 0.012263 0.795354 0.795449
65.300000 0.012316 0.794847 0.794942
65.400000 0.012360 0.794317 0.794414
65.500000 0.012396 0.793781 0.793878
65.600000 0.012422 0.793251 0.793349
65.700000 0.012441 0.792743 0.792841
65.800000 0.012452 0.792269 0.792367
65.900000 0.012457 0.791841 0.791939
66.000000 0.012456 0.791469 0.791567
66.100000 0.012452 0.791162 0.791260
66.200000 0.012444 0.790926 0.791024
66.300000 0.012437 0.790764 0.790862
66.400000 0.012430 0.790677 0.790775
66.500000 0.012426 0.790665 0.790763
66.600000 0.012426 0.790725 0.790823
66.700000 0.012432 0.790853 0.790950
66.800000 0.012444 0.791042 0.791140
66.900000 0.012465 0.791286 0.791384
67.000000 0.012493 0.791577 0.791675
67.100000 0.012529 0.791906 0.792005
67.200000 0.012573 0.792263 0.792363
67.300000 0.012622 0.792641 0.792741
67.400000 0.012677 0.793028 0.793130
67.500000 0.012734 0.793416 0.793518
67.600000 0.012793 0.793796 0.793899
67.700000 0.012851 0.794158 0.794262
67.800000 0.012906 0.794495 0.794600
67.900000 0.012957 0.794800 0.794905
68.000000 0.013003 0.795066 0.795172
68.100000 0.013042 0.795288 0.795395
68.200000 0.013074 0.795464 0.795571
68.300000 0.013098 0.795590 0.795697
68.400000 0.013116 0.795665 0.795774
68.500000 0.013127 0.795692 0.795800
68.600000 0.013132 0.795671 0.795780
68.700000 0.013132 0.795608 0.795716
68.800000 0.013127 0.795505 0.795614
68.900000 0.013120 0.795371 0.795479
69.000000 0.013109 0.795211 0.795319
69.100000 0.013095 0.795033 0.795141
69.200000 0.013079 0.794845 0.794953
69.300000 0.013061 0.794654 0.794761
69.400000 0.013041 0.794468 0.794575
69.500000 0.013018 0.794294 0.794401
69.600000 0.012994 0.794138 0.794244
69.700000 0.012969 0.794005 0.794111
69.800000 0.012943 0.793899 0.794005
69.900000 0.012918 0.793824 0.793929
70.000000 0.012896 0.793780 0.793884
70.100000 0.012877 0.793768 0.793872
70.200000 0.012863 0.793787 0.793891
70.300000 0.012855 0.793834 0.793938
70.400000 0.012854 0.793907 0.794011
70.500000 0.012861 0.794001 0.794105
70.600000 0.012876 0.794111 0.794215
70.700000 0.012898 0.794232 0.794337
70.800000 0.012926 0.794358 0.794463
70.900000 0.012959 0.794483 0.794589
71.000000 0.012995 0.794603 0.794709
71.100000 0.013032 0.794712 0.794819
71.200000 0.013069 0.794807 0.794914
71.300000 0.013104 0.794883 0.794991
71.400000 0.013135 0.794937 0.795046
71.500000 0.013161 0.794968 0.795077
71.600000 0.013181 0.794972 0.795081
71.700000 0.013195 0.794949 0.795059
71.800000 0.013204 0.794898 0.795008
71.900000 0.013207 0.794819 0.794929
72.000000 0.013205 0.794712 0.794822
72.100000 0.013200 0.794578 0.794688
72.200000 0.013193 0.794419 0.794529
72.300000 0.013185 0.794238 0.794347
72.400000 0.013178 0.794038 0.794147
72.500000 0.013173 0.793823 0.793932
72.600000 0.013171 0.793599 0.793709
72.700000 0.013174 0.793372 0.793482
72.800000 0.013180 0.793148 0.793257
72.900000 0.013191 0.792933 0.793043
73.000000 0.013207 0.792734 0.792844
73.100000 0.013228 0.792558 0.792668
73.200000 0.013253 0.792408 0.792519
73.300000 0.013281 0.792291 0.792403
73.400000 0.013314 0.792210 0.792322
73.500000 0.013350 0.792168 0.792280
73.600000 0.013390 0.792166 0.792279
73.700000 0.013433 0.792204 0.792318
73.800000 0.013478 0.792282 0.792397
73.900000 0.013527 0.792398 0.792514
74.000000 0.013578 0.792550 0.792666
74.100000 0.013631 0.792733 0.792850
74.200000 0.013685 0.792942 0.793060
74.300000 0.013740 0.793172 0.793291
74.400000 0.013794 0.793418 0.793538
74.500000 0.013847 0.793671 0.793792
74.600000 0.013897 0.793926 0.794048
74.700000 0.013944 0.794177 0.794299
74.800000 0.013987 0.794415 0.794538
74.900000 0.014025 0.794637 0.794760
75.000000 0.014059 0.794835 0.794960
75.100000 0.014086 0.795008 0.795133
75.200000 0.014109 0.795150 0.795275
75.300000 0.014126 0.795260 0.795386
75.400000 0.014139 0.795337 0.795463
75.500000 0.014148 0.795381 0.795507
75.600000 0.014154 0.795392 0.795518
75.700000 0.014160 0.795373 0.795499
75.800000 0.014165 0.795325 0.795451
75.900000 0.014172 0.795252 0.795378
76.000000 0.014182 0.795159 0.795285
76.100000 0.014196 0.795048 0.795175
76.200000 0.014216 0.794926 0.795053
76.300000 0.014242 0.794797 0.794925
76.400000 0.014275 0.794665 0.794793
76.500000 0.014313 0.794534 0.794663
76.600000 0.014358 0.794409 0.794539
76.700000 0.014407 0.794292 0.794423
76.800000 0.014458 0.794187 0.794318
76.900000 0.014511 0.794094 0.794227
77.000000 0.014561 0.794016 0.794149
77.100000 0.014608 0.793952 0.794087
77.200000 0.014648 0.793904 0.794039
77.300000 0.014680 0.793870 0.794006
77.400000 0.014703 0.793849 0.793986
77.500000 0.014715 0.793842 0.793978
77.600000 0.014718 0.793845 0.793982
77.700000 0.014710 0.793859 0.793995
77.800000 0.014695 0.793881 0.794016
77.900000 0.014674 0.793909 0.794045
78.000000 0.014649 0.793943 0.794078
78.100000 0.014624 0.793980 0.794115
78.200000 0.014601 0.794018 0.794152
78.300000 0.014582 0.794055 0.794189
78.400000 0.014569 0.794089 0.794222
78.500000 0.014564 0.794116 0.794250
78.600000 0.014566 0.794135 0.794269
78.700000 0.014575 0.794143 0.794277
78.800000 0.014592 0.794137 0.794271
78.900000 0.014614 0.794115 0.794249
79.000000 0.014641 0.794076 0.794210
79.100000 0.014670 0.794018 0.794154
79.200000 0.014700 0.793943 0.794079
79.300000 0.014731 0.793852 0.793988
79.400000 0.014760 0.793746 0.793883
79.500000 0.014787 0.793628 0.793766
79.600000 0.014812 0.793503 0.793641
79.700000 0.014834 0.793374 0.793512
79.800000 0.014854 0.793246 0.793385
79.900000 0.014871 0.793124 0.793263
80.000000 0.014886 0.793013 0.793152
80.100000 0.014898 0.792917 0.793056
80.200000 0.014908 0.792840 0.792980
80.300000 0.014915 0.792785 0.792926
80.400000 0.014920 0.792757 0.792897
80.500000 0.014923 0.792757 0.792897
80.600000 0.014924 0.792786 0.792926
80.700000 0.014923 0.792844 0.792985
80.800000 0.014920 0.792932 0.793072
80.900000 0.014917 0.793047 0.793187
81.000000 0.014913 0.793187 0.793327
81.100000 0.014911 0.793349 0.793489
81.200000 0.014911 0.793529 0.793669
81.300000 0.014915 0.793722 0.793862
81.400000 0.014923 0.793924 0.794065
81.500000 0.014937 0.794131 0.794271
81.600000 0.014957 0.794336 0.794477
81.700000 0.014984 0.794537 0.794678
81.800000 0.015019 0.794727 0.794869
81.900000 0.015060 0.794903 0.795045
82.000000 0.015107 0.795061 0.795204
82.100000 0.015159 0.795196 0.795341
82.200000 0.015214 0.795306 0.795452
82.300000 0.015269 0.795388 0.795535
82.400000 0.015323 0.795440 0.795588
82.500000 0.015374 0.795460 0.795608
82.600000 0.015419 0.795447 0.795596
82.700000 0.015457 0.795402 0.795552
82.800000 0.015487 0.795325 0.795476
82.900000 0.015510 0.795220 0.795371
83.000000 0.015524 0.795089 0.795240
83.100000 0.015532 0.794936 0.795087
83.200000 0.015534 0.794765 0.794916
83.300000 0.015531 0.794581 0.794733
83.400000 0.015526 0.794391 0.794543
83.500000 0.015519 0.794199 0.794351
83.600000 0.015511 0.794011 0.794162
83.700000 0.015505 0.793832 0.793983
83.800000 0.015501 0.793667 0.793818
83.900000 0.015499 0.793520 0.793671
84.000000 0.015500 0.793395 0.793546
84.100000 0.015504 0.793295 0.793447
84.200000 0.015512 0.793223 0.793375
84.300000 0.015525 0.793180 0.793332
84.400000 0.015542 0.793166 0.793318
84.500000 0.015564 0.793181 0.793333
84.600000 0.015592 0.793223 0.793376
84.700000 0.015625 0.793291 0.793445
84.800000 0.015664 0.793381 0.793536
84.900000 0.015708 0.793491 0.793646
85.000000 0.015757 0.793615 0.793772
85.100000 0.015810 0.793749 0.793907
85.200000 0.015866 0.793889 0.794047
85.300000 0.015923 0.794027 0.794187
85.400000 0.015979 0.794159 0.794320
85.500000 0.016033 0.794279 0.794441
85.600000 0.016083 0.794381 0.794544
85.700000 0.016127 0.794461 0.794625
85.800000 0.016162 0.794514 0.794678
85.900000 0.016188 0.794536 0.794701
86.000000 0.016204 0.794525 0.794691
86.100000 0.016209 0.794481 0.794646
86.200000 0.016205 0.794403 0.794568
86.300000 0.016191 0.794292 0.794457
86.400000 0.016170 0.794152 0.794317
86.500000 0.016144 0.793987 0.794151
86.600000 0.016115 0.793802 0.793965
86.700000 0.016084 0.793603 0.793766
86.800000 0.016056 0.793397 0.793559
86.900000 0.016031 0.793191 0.793353
87.000000 0.016011 0.792993 0.793155
87.100000 0.015999 0.792810 0.792972
87.200000 0.015994 0.792650 0.792811
87.300000 0.015999 0.792519 0.792680
87.400000 0.016012 0.792422 0.792584
87.500000 0.016034 0.792365 0.792527
87.600000 0.016063 0.792351 0.792514
87.700000 0.016100 0.792382 0.792546
87.800000 0.016142 0.792459 0.792624
87.900000 0.016189 0.792582 0.792747
88.000000 0.016239 0.792747 0.792914
88.100000 0.016291 0.792953 0.793120
88.200000 0.016344 0.793193 0.793362
88.300000 0.016397 0.793463 0.793632
88.400000 0.016448 0.793755 0.793926
88.500000 0.016496 0.794063 0.794234
88.600000 0.016541 0.794378 0.794551
88.700000 0.016583 0.794694 0.794867
88.800000 0.016620 0.795001 0.795175
88.900000 0.016653 0.795292 0.795467
89.000000 0.016681 0.795561 0.795736
89.100000 0.016704 0.795800 0.795975
89.200000 0.016722 0.796003 0.796179
89.300000 0.016736 0.796166 0.796342
89.400000 0.016746 0.796285 0.796461
89.500000 0.016753 0.796355 0.796531
89.600000 0.016758 0.796375 0.796551
89.700000 0.016761 0.796344 0.796521
89.800000 0.016764 0.796263 0.796439
89.900000 0.016768 0.796131 0.796308
90.000000 0.016772 0.795952 0.796129
90.100000 0.016777 0.795729 0.795905
90.200000 0.016783 0.795466 0.795643
90.300000 0.016791 0.795168 0.795345
90.400000 0.016800 0.794842 0.795020
90.500000 0.016810 0.794495 0.794673
90.600000 0.016821 0.794135 0.794313
90.700000 0.016833 0.793769 0.793948
90.800000 0.016846 0.793407 0.793586
90.900000 0.016859 0.793057 0.793236
91.000000 0.016874 0.792728 0.792908
91.100000 0.016889 0.792428 0.792608
91.200000 0.016906 0.792165 0.792346
91.300000 0.016924 0.791946 0.792127
91.400000 0.016944 0.791776 0.791957
91.500000 0.016964 0.791659 0.791841
91.600000 0.016987 0.791599 0.791781
91.700000 0.017010 0.791597 0.791779
91.800000 0.017036 0.791651 0.791834
91.900000 0.017063 0.791760 0.791944
92.000000 0.017092 0.791921 0.792105
92.100000 0.017122 0.792126 0.792311
92.200000 0.017155 0.792370 0.792556
92.300000 0.017189 0.792645 0.792832
92.400000 0.017224 0.792942 0.793130
92.500000 0.017261 0.793252 0.793440
92.600000 0.017298 0.793565 0.793753
92.700000 0.017335 0.793872 0.794061
92.800000 0.017372 0.794164 0.794354
92.900000 0.017407 0.794434 0.794624
93.000000 0.017441 0.794674 0.794865
93.100000 0.017471 0.794879 0.795071
93.200000 0.017499 0.795046 0.795238
93.300000 0.017523 0.795170 0.795363
93.400000 0.017543 0.795252 0.795445
93.500000 0.017558 0.795289 0.795483
93.600000 0.017569 0.795285 0.795479
93.700000 0.017575 0.795240 0.795434
93.800000 0.017576 0.795158 0.795353
93.900000 0.017573 0.795043 0.795238
94.000000 0.017566 0.794900 0.795094
94.100000 0.017555 0.794733 0.794927
94.200000 0.017541 0.794549 0.794743
94.300000 0.017526 0.794354 0.794548
94.400000 0.017509 0.794154 0.794347
94.500000 0.017493 0.793956 0.794148
94.600000 0.017479 0.793765 0.793958
94.700000 0.017467 0.793589 0.793781
94.800000 0.017459 0.793432 0.793624
94.900000 0.017457 0.793301 0.793493
95.000000 0.017461 0.793198 0.793391
95.100000 0.017471 0.793129 0.793321
95.200000 0.017488 0.793094 0.793287
95.300000 0.017512 0.793095 0.793289
95.400000 0.017544 0.793133 0.793327
95.500000 0.017581 0.793206 0.793401
95.600000 0.017624 0.793311 0.793507
95.700000 0.017672 0.793446 0.793642
95.800000 0.017723 0.793605 0.793803
95.900000 0.017777 0.793785 0.793984
96.000000 0.017830 0.793979 0.794179
96.100000 0.017883 0.794182 0.794383
96.200000 0.017933 0.794387 0.794589
96.300000 0.017979 0.794588 0.794791
96.400000 0.018020 0.794778 0.794982
96.500000 0.018055 0.794950 0.795155
96.600000 0.018082 0.795100 0.795306
96.700000 0.018101 0.795221 0.795427
96.800000 0.018114 0.795308 0.795514
96.900000 0.018119 0.795357 0.795563
97.000000 0.018119 0.795365 0.795571
97.100000 0.018114 0.795331 0.795537
97.200000 0.018105 0.795255 0.795461
97.300000 0.018094 0.795138 0.795344
97.400000 0.018083 0.794983 0.795189
97.500000 0.018072 0.794794 0.795000
97.600000 0.018064 0.794577 0.794783
97.700000 0.018058 0.794338 0.794543
97.800000 0.018057 0.794084 0.794289
97.900000 0.018059 0.793822 0.794027
98.000000 0.018066 0.793559 0.793764
98.100000 0.018078 0.793302 0.793508
98.200000 0.018094 0.793058 0.793264
98.300000 0.018115 0.792832 0.793039
98.400000 0.018140 0.792629 0.792837
98.500000 0.018170 0.792454 0.792663
98.600000 0.018202 0.792310 0.792519
98.700000 0.018238 0.792199 0.792409
98.800000 0.018276 0.792123 0.792334
98.900000 0.018315 0.792083 0.792295
99.000000 0.018356 0.792080 0.792293
99.100000 0.018396 0.792114 0.792327
99.200000 0.018436 0.792183 0.792398
99.300000 0.018475 0.792288 0.792504
99.400000 0.018512 0.792427 0.792644
99.500000 0.018548 0.792598 0.792815
99.600000 0.018581 0.792798 0.793016
99.700000 0.018611 0.793023 0.793242
99.800000 0.018638 0.793270 0.793489
99.900000 0.018663 0.793532 0.793751
100.000000 0.018684 0.793803 0.794023
100.100000 0.018702 0.794077 0.794297
